286924
245
246
262
261
247
249
253
254
255
256
257
258
259
270
269
268
267
266
265
228
229
264
263
231
230
232
233
221
220
219
218
217
212
216
215
214
213
211
209
208
207
205
206
204
203
201
200
199
198
197
194
193
192
189
188
239
238
240
242
241
186
187
195
196
202
996
182
183
184
185
159
162
163
164
156
155
165
166
167
168
169
171
170
173
179
180
181
178
177
176
175
174
172
161
160
158
157
154
153
150
148
147
130
129
128
127
124
123
122
120
121
126
125
104
105
106
118
119
117
116
115
114
112
110
111
113
304
303
302
301
283
282
280
279
278
277
281
284
299
300
298
297
991
305
306
307
308
309
310
311
312
313
45
44
43
42
41
50
40
39
38
37
36
35
34
33
32
25
26
29
30
31
24
23
22
17
16
13
11
12
63
64
62
61
59
66
65
60
58
53
52
54
56
67
68
69
70
7
8
9
10
14
15
18
21
19
20
27
28
332
333
334
328
327
329
330
331
314
315
316
325
326
324
319
318
317
320
323
322
321
294
293
295
296
289
290
291
292
402
403
404
288
287
286
285
276
275
274
273
469
468
467
466
465
460
456
455
454
453
452
451
450
448
449
585
584
583
582
581
577
576
588
589
594
595
596
597
599
600
602
603
604
605
606
607
608
609
610
627
628
626
625
992
633
634
635
636
637
638
639
640
641
373
372
371
370
377
369
378
368
367
366
365
364
363
362
361
360
353
354
357
358
359
352
351
350
345
344
341
339
340
391
392
390
389
387
386
385
383
384
395
394
393
388
379
381
380
382
401
399
400
396
397
398
335
336
337
338
342
343
346
349
347
348
355
356
660
661
662
656
655
657
658
659
642
643
644
653
654
652
647
646
645
648
651
650
649
622
621
623
624
617
618
619
620
730
731
732
616
615
614
613
612
611
629
630
631
632
441
439
438
440
442
443
444
445
447
446
434
433
432
431
429
428
461
462
463
464
423
424
425
426
427
419
418
420
422
421
405
406
407
408
409
410
416
417
415
414
413
411
412
376
375
374
437
436
435
997
430
457
458
459
473
474
475
476
472
480
479
481
482
483
492
491
490
486
487
488
489
500
499
498
501
502
507
508
509
510
511
512
513
485
484
493
494
495
496
497
227
226
225
224
223
222
234
235
236
237
190
191
210
504
503
506
505
999
530
524
525
522
516
517
567
566
568
570
569
514
515
523
521
520
518
519
565
564
563
562
549
548
547
546
545
540
544
543
542
541
539
537
535
533
534
532
531
529
526
527
528
536
538
827
828
817
816
815
814
818
819
820
812
811
821
822
823
824
825
553
554
555
556
557
592
591
574
573
572
571
579
580
587
586
598
601
795
796
797
798
799
800
805
804
803
802
801
787
786
785
784
783
780
779
778
776
777
913
911
910
909
904
916
917
918
922
921
923
924
925
927
926
928
929
930
931
932
933
934
935
936
937
938
955
956
954
953
993
961
962
963
964
965
966
967
968
969
701
700
699
698
705
697
706
696
695
694
693
692
691
690
689
688
681
682
685
686
687
680
679
678
673
672
669
667
668
719
720
718
717
715
714
713
711
712
723
722
721
716
707
709
708
710
729
727
728
724
725
726
663
664
665
666
670
671
674
677
675
676
683
684
988
989
990
984
983
985
986
987
970
971
972
981
982
980
975
974
973
976
979
978
977
950
949
951
952
948
947
946
945
944
943
942
941
940
939
957
958
959
960
769
767
766
768
770
771
772
773
775
774
762
761
759
758
757
756
789
791
792
794
793
788
790
751
752
753
754
755
747
746
748
750
749
733
734
735
736
737
738
744
745
743
742
741
739
740
704
703
702
765
764
763
1000
760
781
782
912
914
915
905
906
903
901
900
902
919
920
887
888
886
885
884
883
882
881
880
879
878
877
876
875
874
873
868
872
871
870
869
867
866
865
864
863
861
862
860
859
857
856
855
854
853
850
844
845
895
894
896
898
897
842
843
852
858
0
839
840
841
813
810
809
808
807
806
1001
908
907
899
889
890
891
892
893
847
846
848
849
851
838
837
836
835
834
833
832
831
830
829
826
552
551
550
561
560
558
559
593
590
575
578
998
478
477
471
470
272
271
260
248
250
995
151
152
142
141
140
139
138
137
133
100
101
102
103
994
107
108
109
85
89
88
78
79
82
81
80
74
75
77
93
94
92
90
91
98
96
97
99
87
86
83
84
47
46
48
49
51
57
55
72
73
71
5
4
6
3
2
1
76
95
134
135
136
132
131
145
146
143
144
149
252
251
243
244
