11461
1630
1631
1602
1572
1604
1605
1606
1573
1607
1608
1609
1524
1525
1577
1578
1579
1526
1527
1528
1610
1666
1693
1692
1670
1669
1648
1647
1616
1633
1646
1665
1664
1645
1663
1691
1690
1662
1632
1644
1689
1775
1776
1777
1821
1822
1778
1779
1823
1840
1879
1855
1878
1918
1877
1936
1949
1948
1935
1934
1947
1917
1946
1915
1914
1874
1854
1817
1818
1770
1769
1816
1815
1814
1813
1812
1768
1765
1810
1736
1733
1730
1722
1717
1771
1716
1715
1714
1661
1523
1529
1532
1540
1548
1591
1625
1640
1624
1639
1622
1667
1675
1676
1677
1678
1659
1660
1569
1570
1627
1641
1628
1642
1684
1682
1681
1680
1679
1873
1913
1912
1911
1872
1871
1869
1909
1884
1836
1862
1903
1964
1958
1954
1950
2068
2075
2195
2162
2100
2074
2125
2220
2289
2291
2329
2221
2225
2227
2233
2238
2246
2256
2262
2268
2275
2276
2277
2278
2279
2280
2281
2282
2283
2284
2285
2328
2376
2407
2450
2449
2420
2405
2357
2356
2448
2404
2355
2354
2352
2400
2447
2439
2389
2348
2343
2340
2406
2451
2489
2490
2491
2582
2492
2496
2503
2505
2510
2514
2517
2524
2532
2535
2537
2538
2539
2540
2541
2542
2543
2544
2581
2601
2626
2657
2663
2656
2625
2624
2600
2585
2654
2689
2690
2713
2714
2691
2658
2580
2579
2599
2623
2653
2712
2700
2688
2651
2598
2590
2589
2637
2672
2734
2731
2728
2721
2780
2810
2784
2785
2834
2886
2879
2867
2917
2851
2844
2831
2830
2829
2758
2694
2693
2665
2655
2586
2736
2739
2742
2745
2748
2751
2752
2753
2754
2755
2756
2775
2776
2757
2803
2825
2842
2841
2840
2824
2823
2788
2787
2786
2821
2838
2901
2909
2910
2911
2912
2913
2914
2915
2916
2859
2852
2853
2860
2854
2861
2921
2920
2919
2918
2843
2826
2827
2789
2777
2759
2760
2761
2762
2763
2764
2828
2778
2779
2765
2766
2767
2722
2723
2724
2725
2726
2727
2707
2708
2666
2667
2631
2588
2555
2556
2495
2497
2557
2498
2499
2500
2501
2502
2558
2559
2560
2561
2606
2635
2671
2670
2669
2634
2633
2605
2632
2668
2696
2695
2710
2709
2729
2730
2732
2793
2806
2845
2869
2868
2866
2865
2864
2863
2857
2856
2846
2855
2922
2923
0
2862
2847
2848
2804
2790
2781
2791
2782
2792
2783
2805
2833
2832
2768
2769
2794
2807
2733
2770
2735
2795
2809
2808
2871
2870
2872
2873
2874
2875
2876
2877
2878
2880
2881
2882
2883
2849
2811
2796
2737
2738
2771
2772
2773
2740
2797
2814
2837
2836
2813
2812
2835
2884
2885
2887
2888
2889
2890
2891
2892
2893
2894
2895
2896
2897
2898
2899
2900
2902
2858
2903
2904
2905
2906
2850
2907
2908
2839
2822
2711
2750
2749
2802
2820
2819
2801
2747
2686
2649
2620
2662
2648
2619
2618
2596
2617
2595
2584
2573
2525
2523
2522
2521
2572
2571
2570
2520
2519
2569
2568
2567
2566
2518
2516
2515
2476
2458
2477
2459
2370
2371
2395
2442
2478
2479
2460
2461
2443
2417
2396
2320
2265
2264
2263
2261
2260
2319
2259
2258
2257
2255
2254
2290
2253
2252
2318
2251
2250
2249
2248
2247
2317
2368
2393
2440
2454
2392
2367
2347
2346
2366
2391
2345
2337
2314
2239
2240
2241
2242
2243
2244
2316
2315
2344
2365
2390
2416
2437
2473
2472
2471
2470
2469
2468
2435
2434
2433
2467
2466
2414
2385
2361
2341
2309
2234
2310
2235
2236
2311
2312
2313
2237
2175
2137
2083
2109
2138
2139
2161
2140
2141
2110
2085
2050
1974
1975
1976
1977
1978
1979
1980
2028
1981
1983
1984
1985
1986
1921
1940
1920
1939
1919
1868
1809
1741
1742
1780
1743
1744
1745
1746
1747
1853
1922
1941
1923
1924
1942
1925
1926
1927
1943
1928
1929
1944
1930
1931
1910
1870
1811
1766
1764
1763
1762
1761
1760
1759
1782
1758
1757
1756
1755
1754
1753
1752
1751
1750
1781
1749
1748
1711
1699
1698
1710
1709
1697
1708
1808
1807
1740
1739
1738
1737
1802
1803
1804
1852
1866
1906
1905
1904
1938
1902
1937
1901
1863
1850
1838
1849
1837
1848
1835
1796
1797
1798
1799
1800
1735
1734
1707
1695
1706
1694
1653
1637
1620
1589
1588
1587
1537
1538
1539
1541
1542
1543
1574
1544
1545
1546
1547
1549
1638
1655
1696
1801
1864
1883
1900
1899
1898
1897
1896
1882
1895
1881
1861
1834
1847
1833
1846
1832
1825
1790
1789
1728
1729
1731
1791
1732
1792
1793
1794
1795
1674
1673
1652
1636
1619
1635
1651
1618
1634
1650
1672
1671
1617
1612
1649
1705
1704
1720
1721
1723
1724
1725
1726
1787
1727
1788
1831
1844
1830
1843
1829
1824
1786
1785
1828
1842
1859
1858
1857
1784
1719
1718
1783
1827
1841
1856
1951
2029
2030
2031
1952
1953
1955
2033
2034
1956
2035
2079
2078
2104
2077
2103
2076
2166
2167
2130
2080
2105
2131
2132
2168
2169
2212
2213
2201
2202
2171
2172
2173
2174
2081
2073
2041
1967
1966
1965
1963
1962
1961
1960
2038
2037
2036
1959
1957
1891
1892
1893
1894
1845
1860
1890
1889
2032
2102
2129
2128
2127
2101
2126
2163
2164
2165
2200
2211
2226
2224
2223
2296
2297
2298
2299
2300
2301
2382
2381
2427
2426
2425
2424
2423
2379
2380
2359
2295
2294
2293
2222
2292
2358
2378
2412
2422
2463
2421
2338
2333
2332
2331
2411
2453
2551
2549
2548
2547
2546
2545
2462
2408
2409
2377
2330
2287
2210
2191
2154
2095
2155
2156
2157
2192
2193
2194
2158
2120
2096
2066
2065
2064
2063
2022
2021
2020
2019
2018
2017
2016
2015
2014
2013
2012
2011
2010
2009
2008
2007
2005
1997
2084
2082
2136
2176
2089
2090
2152
2091
2092
2153
2093
2094
1945
1916
1885
1875
1819
1820
1839
1876
1772
1773
1685
1668
1629
1599
1518
1496
1474
1466
1465
1440
1427
1402
1354
1355
1403
1405
1406
1356
1357
1358
1359
1360
1361
1362
1363
1412
1411
1410
1409
1408
1407
1441
1468
1498
1499
1469
1442
1429
1443
1470
1500
1501
1476
1417
1364
1312
1313
1367
1418
1444
1513
1479
1480
1481
1447
1422
1372
1371
1317
1318
1319
1373
1374
1375
1320
1376
1377
1378
1379
1380
1416
1423
1381
1325
1383
1326
1384
1328
1329
1330
1331
1332
1333
1334
1335
1365
1336
1337
1338
1339
1303
1278
1287
1304
1288
1289
1305
1290
1249
1291
1306
1292
1307
1293
1294
1295
1308
1296
1297
1309
1298
1299
1310
1352
1397
1461
1511
1592
1566
1565
1564
1563
1562
1561
1576
1560
1559
1509
1510
1460
1439
1351
1350
1349
1348
1396
1395
1393
1459
1392
1472
1438
1508
1517
1507
1516
1506
1553
1552
1554
1575
1555
1556
1557
1558
1623
1656
1700
1712
1701
1702
1713
1703
1657
1658
1767
1887
1932
2006
2004
2062
2061
2060
2003
2002
2001
2000
1999
1998
1996
1995
1994
1993
1992
1991
1990
1989
1987
2113
2205
2215
2204
2214
2203
2181
2180
2179
2142
2111
2051
2052
2053
2112
2143
2049
2048
2047
1972
1971
2046
2045
2044
1969
1968
2043
2042
2040
2039
2106
2133
2107
2134
2108
2135
2170
2232
2231
2230
2229
2228
2303
2304
2305
2306
2307
2308
2384
2432
2431
2430
2429
2428
2383
2360
2336
2302
2335
2413
2464
2465
2504
2506
2607
2636
2697
2638
2608
2509
2508
2507
2436
2415
2388
2364
2342
2363
2387
2362
2386
2438
2511
2512
2513
2562
2609
2639
2673
2698
2699
2661
2674
2675
2610
2591
2563
2564
2592
2593
2640
2612
2641
2613
2642
2677
2678
2679
2680
2681
2682
2644
2615
2614
2643
2594
2616
2645
2646
2683
2684
2685
2647
2597
2575
2530
2529
2528
2527
2526
2574
2576
2577
2531
2480
2481
2444
2399
2374
2351
2322
2323
2272
2273
2324
2274
2325
2326
2327
2219
2218
2209
2187
2186
2151
2088
2119
2149
2118
2117
2147
2146
2116
2086
2115
2145
2114
2144
2182
2183
2184
2208
2207
2217
2216
2206
2054
2055
2056
2057
2058
2059
2087
2148
2185
2271
2270
2269
2267
2266
2321
2349
2372
2397
2373
2350
2398
2418
2353
2375
2401
2419
2445
2483
2482
2484
2485
2486
2487
2446
2402
2403
2536
2534
2533
2578
2621
2650
2622
2652
2687
2746
2744
2774
2800
2818
2817
2743
2799
2816
2815
2798
2741
2676
2611
2565
2457
2441
2394
2369
2456
2455
2475
2474
2245
2178
2177
1907
1908
1867
1865
1851
1805
1806
1550
1551
1505
1515
1504
1514
1503
1490
1456
1436
1426
1435
1455
1454
1489
1453
1434
1425
1385
1386
1387
1388
1389
1302
1277
1266
1248
1181
1109
1108
1106
1105
1104
1179
1207
1222
1246
1247
1223
1208
1180
1182
1183
1111
1112
1156
1114
1115
1116
1117
1118
1119
1078
1077
1067
1076
893
894
836
856
835
855
834
823
804
802
768
769
703
704
751
706
707
708
709
665
625
626
627
666
628
629
667
630
631
632
668
633
634
669
635
636
637
670
638
639
671
640
583
602
518
519
422
421
420
447
419
418
446
417
514
515
516
517
513
512
545
511
510
509
508
507
506
505
504
503
544
501
500
499
498
497
496
495
494
493
543
492
491
490
489
488
487
561
560
485
484
483
482
481
480
479
478
477
558
578
597
615
660
661
616
607
599
580
571
581
600
618
617
663
662
664
711
786
713
714
752
715
716
717
718
719
720
721
722
723
770
724
771
787
806
807
788
725
726
859
904
952
953
1025
1070
1083
1139
1137
1136
1135
1134
1133
1132
1131
1158
1130
1128
1127
1126
1125
1124
1123
1122
1157
1121
1120
1068
1069
1079
902
814
842
841
840
858
839
838
857
837
895
896
897
930
899
900
901
978
996
1024
1052
1043
951
950
903
1023
1347
1346
1345
1344
1343
1366
1342
1341
1437
1340
1244
1243
1242
1221
1206
1176
1177
1178
1051
1019
1042
1018
993
976
1017
1050
992
975
1015
1014
1049
1066
1048
1013
991
940
941
884
885
942
943
886
887
888
944
945
889
890
946
947
948
891
892
949
977
994
1020
1021
1103
1101
1100
1099
1175
1174
1198
1241
1265
1276
1275
1264
1240
1239
1204
1171
1097
1098
1173
1172
1170
1197
1169
1196
1168
1167
1166
1165
1093
1092
1164
1091
1089
1163
1088
1087
1162
1161
1160
1159
1086
1085
1155
1154
1153
1193
1194
1214
1229
1260
1228
1259
1285
1231
1216
1200
1232
1262
1269
1270
1271
1234
1217
1201
1218
1235
1236
1219
1202
1237
1238
1272
1263
1300
1301
1321
1433
1449
1483
1484
1451
1450
1471
1502
1533
1534
1535
1536
1586
1585
1584
1531
1530
1583
1582
1581
1611
1580
1478
1430
1419
1415
1420
1431
1370
1316
1315
1314
1369
1421
1432
1446
1448
1482
1485
1486
1487
1488
1452
1424
1382
1324
1323
1274
1220
1205
1096
1041
1012
990
974
1011
881
880
879
878
877
876
933
934
935
936
973
989
1010
1047
1046
1045
1044
1008
987
972
986
1007
1075
931
929
928
927
926
925
924
923
966
964
922
921
963
920
919
962
961
960
958
957
956
918
917
916
915
914
913
912
911
910
909
908
907
906
905
968
979
997
1026
1027
998
980
969
981
1000
1029
1055
1071
1072
1056
1057
1058
1059
1034
1003
1033
1002
1032
1030
1001
982
970
955
860
861
843
826
845
862
846
847
863
848
810
849
864
850
865
851
790
811
828
829
853
830
831
854
832
833
817
818
793
792
783
755
756
691
690
688
687
686
685
684
683
682
750
681
680
776
748
747
746
745
744
754
743
742
649
650
676
651
652
653
621
622
585
572
569
549
459
460
461
462
432
398
399
434
400
401
386
381
315
316
318
319
320
321
322
323
324
325
326
376
328
329
330
331
332
388
389
411
439
410
409
438
407
406
405
404
403
387
314
313
312
311
310
308
307
375
306
305
262
286
213
182
212
194
173
152
57
59
60
61
1
62
63
64
65
2
3
66
67
4
5
6
68
70
7
8
9
71
196
215
259
216
197
217
260
264
218
219
155
75
74
12
11
73
154
195
214
263
383
385
397
464
553
576
591
592
611
593
594
577
570
567
554
467
468
469
470
471
472
473
474
475
476
555
556
557
568
606
596
595
614
658
657
656
624
623
655
654
613
612
694
695
696
760
777
784
796
812
821
819
795
794
759
758
757
610
609
587
573
589
575
590
608
586
458
457
456
455
542
541
540
548
539
538
537
536
535
534
533
532
531
547
530
529
450
428
451
452
429
430
453
371
372
373
374
300
299
298
297
296
295
244
237
210
192
179
211
238
193
180
172
56
55
54
53
151
150
149
148
52
147
146
145
51
50
144
170
169
48
47
46
143
45
44
142
141
43
42
139
138
137
136
40
41
133
132
131
130
129
38
37
36
33
31
25
114
105
95
16
85
76
72
10
69
58
49
171
181
257
243
245
258
261
285
301
302
303
382
304
309
317
327
334
337
344
346
357
358
379
359
360
361
362
363
364
365
283
284
256
231
207
208
232
233
209
168
167
140
166
178
206
230
242
255
281
282
254
253
229
205
188
187
177
176
241
252
280
247
239
185
174
122
124
127
128
39
134
135
189
234
190
235
191
236
370
380
369
368
367
366
391
427
426
449
425
424
448
423
416
415
442
440
408
402
433
431
396
392
393
394
395
454
564
565
566
604
619
620
588
574
563
562
463
502
582
601
603
584
520
521
522
546
523
524
525
526
527
528
605
644
673
643
642
672
641
732
731
730
729
728
727
773
772
712
710
705
702
693
692
689
679
775
779
791
820
803
782
805
815
808
825
824
898
995
1022
1016
1065
1063
1060
1031
959
965
873
827
816
749
678
677
778
852
866
867
868
869
870
971
1064
1082
1186
1189
1084
1090
1094
1095
1102
1107
1110
1113
1129
1138
1140
1141
1184
1142
1143
1224
1252
1251
1281
1267
1280
1210
1250
1279
1209
1245
1273
1203
1233
1284
1283
1254
1199
1195
1215
1230
1261
1268
1311
1413
1414
1463
1475
1477
1445
1404
1368
1322
1327
1390
1391
1394
1353
1458
1457
1491
1492
1493
1512
1462
1473
1494
1495
1464
1399
1398
1282
1253
1145
1147
1188
1148
1149
1150
1151
1152
1192
1191
1190
1212
1227
1213
1258
1257
1226
1256
1286
1255
1211
1187
1146
1061
1035
1036
1004
1037
1062
1038
1005
983
984
1039
1080
1081
1073
1074
1040
1006
985
967
871
872
874
875
932
988
1009
937
882
883
938
939
797
780
761
699
698
697
762
763
700
701
764
781
785
798
813
822
799
800
801
765
766
767
659
598
579
559
486
441
412
443
444
413
414
445
341
342
343
345
277
276
275
294
274
273
293
272
271
270
292
291
269
268
290
289
267
266
223
201
186
160
88
15
14
87
86
84
13
83
157
82
81
80
79
78
77
156
175
183
199
221
240
198
220
246
265
287
288
222
200
184
158
159
89
90
161
91
92
17
18
19
93
94
96
97
20
98
99
100
101
102
103
104
153
106
107
108
109
110
111
112
113
21
115
22
23
116
162
163
164
165
118
119
120
27
121
28
29
30
123
32
34
125
126
35
228
204
227
203
226
279
278
251
250
249
248
224
202
225
24
26
117
347
348
378
349
350
351
352
353
354
355
356
384
390
377
340
339
338
336
335
333
437
436
435
466
465
552
551
550
648
675
647
646
674
645
741
740
739
738
737
736
753
735
734
733
774
789
809
844
954
999
1028
1054
1053
1144
1185
1225
1400
1401
1428
1467
1497
1519
1571
1601
1614
1643
1686
1687
1774
2023
2024
2067
2097
2121
2098
2122
2099
2123
2159
2198
2199
2160
2124
2071
2025
2026
2027
2072
2070
2069
2196
2197
2334
2339
2488
2583
2602
2627
2659
2664
2692
2705
2706
2720
2719
2718
2704
2717
2703
2702
2716
2701
2715
2628
2553
2493
2494
2554
2587
2604
2630
2660
2629
2603
2552
2550
2452
2410
2288
2286
2190
2189
2188
2150
1988
1982
1973
1970
1933
1888
1886
1880
1826
1688
1683
1522
1521
1520
1598
1603
1615
1654
1621
1590
1593
1567
1568
1594
1626
1613
1595
1596
1597
1600
